36737.34015
35506.11035
35003.14394
36668.30932
36786.49591
53946.88221
62172.92117
74732.99516
83935.3316
83154.48637
83347.03073
107529.2389
146643.8803
155841.0834
228967.7724
239057.932
317799.6795
322606.1272
282521.1725
337891.5742
363380.4378
351172.6541
369984.7565
429318.5484
444544.2438
397320.2145
536811.9288
515722.635
616445.3038
450381.0827
564694.3303
644098.6692
632379.5584
586911.8181
624945.9742
651060.6342
644756.4937
706794.872
693323.956
692119.9063
705499.6313
684648.2485
690114.9798
644988.8232
653736.2345
612025.5941
512423.4696
539833.9367
577726.7231
570994.0459
